<?xml version="1.0" encoding="UTF-8" standalone="no"?>
<!DOCTYPE svg PUBLIC "-//W3C//DTD SVG 20010904//EN"
              "http://www.w3.org/TR/2001/REC-SVG-20010904/DTD/svg10.dtd">

<svg xmlns="http://www.w3.org/2000/svg"
     width="1.81333in" height="2.07in"
     viewBox="0 0 544 621">
  <path id="Unnamed"
        fill="none" stroke="black" stroke-width="1"
        d="M 55.67,206.00
           C 54.00,202.67 21.67,214.33 19.00,238.67M 60.00,205.67
           C 61.65,204.70 90.00,213.00 93.00,236.67
             93.00,236.67 93.33,406.33 93.33,406.33
             93.33,424.00 45.00,461.67 19.00,407.67
             19.00,407.67 19.00,238.67 19.00,238.67M 20.67,202.67M 106.88,199.31
           C 106.88,199.31 441.98,199.20 441.98,199.20
             443.50,116.00 360.75,63.75 357.09,65.52
             356.96,63.02 392.00,9.00 381.27,10.77
             374.58,-0.45 354.55,54.18 347.00,60.41
             331.60,54.73 273.82,31.64 201.73,60.55
             185.95,33.12 174.50,6.25 168.62,10.69
             158.62,12.76 192.50,64.81 192.50,64.81
             174.75,76.25 113.75,104.75 106.00,198.00M 107.75,212.50
           C 107.75,212.50 441.25,212.50 441.25,212.50
             441.25,212.50 440.75,461.25 440.75,461.25
             430.50,483.25 429.75,497.75 374.25,494.00M 374.00,494.01
           C 378.00,615.82 369.45,600.36 337.25,613.56
             296.00,607.09 298.36,595.64 300.06,494.00
             300.06,494.00 249.50,494.00 249.50,494.00
             242.00,526.55 269.82,611.64 212.75,613.75
             171.27,609.27 174.55,592.36 174.84,494.08
             110.44,499.44 113.09,471.33 107.59,459.83
             107.59,459.83 107.75,215.50 107.75,215.50M 197.62,110.88
           C 209.00,108.38 223.12,132.00 199.38,138.50M 197.88,111.00
           C 186.38,108.38 173.00,135.75 198.88,138.62" />
</svg>
